cargo,id_ubicacion,clase_ubicacion,descripcion_ubicacion,cant_votos_positivos,cant_votos_negativos,porcentaje_participacion,porcentaje_mesas_procesadas,cant_votantes,hora_proceso,clase_candidatura,id_candidatura,descripcion_candidatura,cant_votos
DIP,HN.5.1.1.111.3874_DIP,Mesa,3874_DIP,2925,4,58.9041,100.0,2929,2021-11-29 14:15:01,Candidato,1.2040,KATHIA MARCELA CRIVELLI RAMIREZ,8
DIP,HN.5.1.1.111.3874_DIP,Mesa,3874_DIP,2925,4,58.9041,100.0,2929,2021-11-29 14:15:01,Candidato,1.2041,SUYAPA MELISSA MEJIA MENENDEZ,7
DIP,HN.5.1.1.111.3874_DIP,Mesa,3874_DIP,2925,4,58.9041,100.0,2929,2021-11-29 14:15:01,Candidato,1.2042,HARRY STEPHEN PANTING ZELAYA,13
DIP,HN.5.1.1.111.3874_DIP,Mesa,3874_DIP,2925,4,58.9041,100.0,2929,2021-11-29 14:15:01,Candidato,1.2043,CLAUDIA IVETH AMAYA MARTEL,13
DIP,HN.5.1.1.111.3874_DIP,Mesa,3874_DIP,2925,4,58.9041,100.0,2929,2021-11-29 14:15:01,Candidato,1.2044,ANGEL EDUARDO RAMOS SALINAS,12
DIP,HN.5.1.1.111.3874_DIP,Mesa,3874_DIP,2925,4,58.9041,100.0,2929,2021-11-29 14:15:01,Candidato,1.2045,ELISA MARGARITA GOMEZ CASTRO,9
DIP,HN.5.1.1.111.3874_DIP,Mesa,3874_DIP,2925,4,58.9041,100.0,2929,2021-11-29 14:15:01,Candidato,1.2046,MARLON GUILLERMO LARA ORELLANA,15
DIP,HN.5.1.1.111.3874_DIP,Mesa,3874_DIP,2925,4,58.9041,100.0,2929,2021-11-29 14:15:01,Candidato,1.2047,JUAN CARLOS AVILA PACHECO,10
DIP,HN.5.1.1.111.3874_DIP,Mesa,3874_DIP,2925,4,58.9041,100.0,2929,2021-11-29 14:15:01,Candidato,1.2048,AGUSTIN GUERRERO BERNARDEZ,11
DIP,HN.5.1.1.111.3874_DIP,Mesa,3874_DIP,2925,4,58.9041,100.0,2929,2021-11-29 14:15:01,Candidato,1.2049,SEBASTIANA ARRIOLA GUITY,15
DIP,HN.5.1.1.111.3874_DIP,Mesa,3874_DIP,2925,4,58.9041,100.0,2929,2021-11-29 14:15:01,Candidato,1.2050,GLORIA CAROLINA MILIAN VELASQUEZ,8
DIP,HN.5.1.1.111.3874_DIP,Mesa,3874_DIP,2925,4,58.9041,100.0,2929,2021-11-29 14:15:01,Candidato,1.2051,ETNY SIMEI UYOA MARTINEZ,10
DIP,HN.5.1.1.111.3874_DIP,Mesa,3874_DIP,2925,4,58.9041,100.0,2929,2021-11-29 14:15:01,Candidato,1.2052,ANA ROSA CARTAGENA CABRERA,9
DIP,HN.5.1.1.111.3874_DIP,Mesa,3874_DIP,2925,4,58.9041,100.0,2929,2021-11-29 14:15:01,Candidato,1.2053,MOISES CANELAS WITHOL,14
DIP,HN.5.1.1.111.3874_DIP,Mesa,3874_DIP,2925,4,58.9041,100.0,2929,2021-11-29 14:15:01,Candidato,1.2054,JOHNY ARMANDO ORTIZ ROSA,10
DIP,HN.5.1.1.111.3874_DIP,Mesa,3874_DIP,2925,4,58.9041,100.0,2929,2021-11-29 14:15:01,Candidato,1.2055,RAFAEL TADEO NODARSE BANEGAS,10
DIP,HN.5.1.1.111.3874_DIP,Mesa,3874_DIP,2925,4,58.9041,100.0,2929,2021-11-29 14:15:01,Candidato,1.2056,SANDRA TATIANA HERNANDEZ CUEVAS,12
DIP,HN.5.1.1.111.3874_DIP,Mesa,3874_DIP,2925,4,58.9041,100.0,2929,2021-11-29 14:15:01,Candidato,1.2057,JACOBO ROBERTO SANCHEZ MARTINEZ,7
DIP,HN.5.1.1.111.3874_DIP,Mesa,3874_DIP,2925,4,58.9041,100.0,2929,2021-11-29 14:15:01,Candidato,1.2058,SOFIA MICHELLE CANAHUATI MEJIA,11
DIP,HN.5.1.1.111.3874_DIP,Mesa,3874_DIP,2925,4,58.9041,100.0,2929,2021-11-29 14:15:01,Candidato,1.2059,PEDRO LUIS GARCIA CANACA,7
DIP,HN.5.1.1.111.3874_DIP,Mesa,3874_DIP,2925,4,58.9041,100.0,2929,2021-11-29 14:15:01,Candidato,10.1900,NALDY AMALIA COTO PINEL,0
DIP,HN.5.1.1.111.3874_DIP,Mesa,3874_DIP,2925,4,58.9041,100.0,2929,2021-11-29 14:15:01,Candidato,10.1901,GERMAN MARTINEZ TINOCO,0
DIP,HN.5.1.1.111.3874_DIP,Mesa,3874_DIP,2925,4,58.9041,100.0,2929,2021-11-29 14:15:01,Candidato,10.1902,SANDRA LIZETH RIVAS MEJIA,0
DIP,HN.5.1.1.111.3874_DIP,Mesa,3874_DIP,2925,4,58.9041,100.0,2929,2021-11-29 14:15:01,Candidato,10.1903,CRISTOBAL ROLANDO MEJIA VILLAFRANCA,0
DIP,HN.5.1.1.111.3874_DIP,Mesa,3874_DIP,2925,4,58.9041,100.0,2929,2021-11-29 14:15:01,Candidato,10.1904,ASTRID JULIETH HERNANDEZ GARCIA,0
DIP,HN.5.1.1.111.3874_DIP,Mesa,3874_DIP,2925,4,58.9041,100.0,2929,2021-11-29 14:15:01,Candidato,10.1905,ANGEL FRANCISCO LEIVA FLORES,0
DIP,HN.5.1.1.111.3874_DIP,Mesa,3874_DIP,2925,4,58.9041,100.0,2929,2021-11-29 14:15:01,Candidato,10.1906,DUNIA DANIELA MORALES PERALTA,0
DIP,HN.5.1.1.111.3874_DIP,Mesa,3874_DIP,2925,4,58.9041,100.0,2929,2021-11-29 14:15:01,Candidato,10.1907,DILIO OSMAN BAIDE LOPEZ,2
DIP,HN.5.1.1.111.3874_DIP,Mesa,3874_DIP,2925,4,58.9041,100.0,2929,2021-11-29 14:15:01,Candidato,10.1908,ELBA LICETH HERNANDEZ PAVON,0
DIP,HN.5.1.1.111.3874_DIP,Mesa,3874_DIP,2925,4,58.9041,100.0,2929,2021-11-29 14:15:01,Candidato,10.1909,CARLOS ALBERTO ESTRADA GOMEZ,0
DIP,HN.5.1.1.111.3874_DIP,Mesa,3874_DIP,2925,4,58.9041,100.0,2929,2021-11-29 14:15:01,Candidato,10.1910,DANIA YAMILET MEMBREÑO AYALA,0
DIP,HN.5.1.1.111.3874_DIP,Mesa,3874_DIP,2925,4,58.9041,100.0,2929,2021-11-29 14:15:01,Candidato,10.1911,PEDRO ANTONIO ESPINAL GOMEZ,0
DIP,HN.5.1.1.111.3874_DIP,Mesa,3874_DIP,2925,4,58.9041,100.0,2929,2021-11-29 14:15:01,Candidato,10.1912,LILIAM CAROLINA ARAGON AGUILAR,0
DIP,HN.5.1.1.111.3874_DIP,Mesa,3874_DIP,2925,4,58.9041,100.0,2929,2021-11-29 14:15:01,Candidato,10.1913,RENIERY AUGUSTO JIMENEZ DUBON,5
DIP,HN.5.1.1.111.3874_DIP,Mesa,3874_DIP,2925,4,58.9041,100.0,2929,2021-11-29 14:15:01,Candidato,10.1914,SENIA MARILYN VILLANUEVA CARBAJAL,0
DIP,HN.5.1.1.111.3874_DIP,Mesa,3874_DIP,2925,4,58.9041,100.0,2929,2021-11-29 14:15:01,Candidato,10.1915,JOSE WILFREDO DIAZ FLORES,0
DIP,HN.5.1.1.111.3874_DIP,Mesa,3874_DIP,2925,4,58.9041,100.0,2929,2021-11-29 14:15:01,Candidato,10.1916,IRIS JANNETH FABIAN ANDINO,0
DIP,HN.5.1.1.111.3874_DIP,Mesa,3874_DIP,2925,4,58.9041,100.0,2929,2021-11-29 14:15:01,Candidato,10.1917,CRISTHIAN ANDRES HERNANDEZ BANEGAS,0
DIP,HN.5.1.1.111.3874_DIP,Mesa,3874_DIP,2925,4,58.9041,100.0,2929,2021-11-29 14:15:01,Candidato,10.1918,DELMIS MEJIA RIOS,0
DIP,HN.5.1.1.111.3874_DIP,Mesa,3874_DIP,2925,4,58.9041,100.0,2929,2021-11-29 14:15:01,Candidato,10.1919,JOSE EDUARDO COTO BARNICA,1
DIP,HN.5.1.1.111.3874_DIP,Mesa,3874_DIP,2925,4,58.9041,100.0,2929,2021-11-29 14:15:01,Candidato,11.1860,YERSI PATRICIA KNIGHT GONZALEZ,0
DIP,HN.5.1.1.111.3874_DIP,Mesa,3874_DIP,2925,4,58.9041,100.0,2929,2021-11-29 14:15:01,Candidato,11.1861,JOSE MANUEL ALFARO,0
DIP,HN.5.1.1.111.3874_DIP,Mesa,3874_DIP,2925,4,58.9041,100.0,2929,2021-11-29 14:15:01,Candidato,11.1862,ERIKA ROXANA RAMOS CABALLERO,0
DIP,HN.5.1.1.111.3874_DIP,Mesa,3874_DIP,2925,4,58.9041,100.0,2929,2021-11-29 14:15:01,Candidato,11.1863,JESUS VELEZ BANEGAS,3
DIP,HN.5.1.1.111.3874_DIP,Mesa,3874_DIP,2925,4,58.9041,100.0,2929,2021-11-29 14:15:01,Candidato,11.1864,MAURA ESTHER ZELAYA LOPEZ,0
DIP,HN.5.1.1.111.3874_DIP,Mesa,3874_DIP,2925,4,58.9041,100.0,2929,2021-11-29 14:15:01,Candidato,11.1865,NERY ISAC RODRIGUEZ ALFARO,0
DIP,HN.5.1.1.111.3874_DIP,Mesa,3874_DIP,2925,4,58.9041,100.0,2929,2021-11-29 14:15:01,Candidato,11.1866,SILVIA JOHANA CHINCHILLA DIAZ,0
DIP,HN.5.1.1.111.3874_DIP,Mesa,3874_DIP,2925,4,58.9041,100.0,2929,2021-11-29 14:15:01,Candidato,11.1867,RICARDO GONZALES OVIEDO,0
DIP,HN.5.1.1.111.3874_DIP,Mesa,3874_DIP,2925,4,58.9041,100.0,2929,2021-11-29 14:15:01,Candidato,11.1868,LILIAN FILOMENA RIVERA GUZMAN,0
DIP,HN.5.1.1.111.3874_DIP,Mesa,3874_DIP,2925,4,58.9041,100.0,2929,2021-11-29 14:15:01,Candidato,11.1869,CESAR AUGUSTO LOPEZ MELGAR,0
DIP,HN.5.1.1.111.3874_DIP,Mesa,3874_DIP,2925,4,58.9041,100.0,2929,2021-11-29 14:15:01,Candidato,11.1870,MATUSALA BAUTISTA ORELLANA DELGADO,0
DIP,HN.5.1.1.111.3874_DIP,Mesa,3874_DIP,2925,4,58.9041,100.0,2929,2021-11-29 14:15:01,Candidato,11.1871,DARLAN ANAEL GOMEZ MARTINEZ,0
DIP,HN.5.1.1.111.3874_DIP,Mesa,3874_DIP,2925,4,58.9041,100.0,2929,2021-11-29 14:15:01,Candidato,11.1872,ELSA MIRELLA VALENZUELA FERNANDEZ,0
DIP,HN.5.1.1.111.3874_DIP,Mesa,3874_DIP,2925,4,58.9041,100.0,2929,2021-11-29 14:15:01,Candidato,11.1873,CRUZ ALBERTO RODRIGUEZ MARADIAGA,0
DIP,HN.5.1.1.111.3874_DIP,Mesa,3874_DIP,2925,4,58.9041,100.0,2929,2021-11-29 14:15:01,Candidato,11.1874,DIANNY PATRICIA ANARIBA,1
DIP,HN.5.1.1.111.3874_DIP,Mesa,3874_DIP,2925,4,58.9041,100.0,2929,2021-11-29 14:15:01,Candidato,11.1875,ESLANDIER PERDOMO VILLANUEVA,0
DIP,HN.5.1.1.111.3874_DIP,Mesa,3874_DIP,2925,4,58.9041,100.0,2929,2021-11-29 14:15:01,Candidato,11.1876,WALDINA WALKIRIA PALACIOS RODRIGUEZ,0
DIP,HN.5.1.1.111.3874_DIP,Mesa,3874_DIP,2925,4,58.9041,100.0,2929,2021-11-29 14:15:01,Candidato,11.1877,EDUARDO MALDONADO ERNANDES,0
DIP,HN.5.1.1.111.3874_DIP,Mesa,3874_DIP,2925,4,58.9041,100.0,2929,2021-11-29 14:15:01,Candidato,11.1878,DINA MAGDIEL ROSALES MEJIA,0
DIP,HN.5.1.1.111.3874_DIP,Mesa,3874_DIP,2925,4,58.9041,100.0,2929,2021-11-29 14:15:01,Candidato,11.1879,EDER IVAN RODRIGUEZ OLIVA,0
DIP,HN.5.1.1.111.3874_DIP,Mesa,3874_DIP,2925,4,58.9041,100.0,2929,2021-11-29 14:15:01,Candidato,12.1940,LUIS ROLANDO REDONDO GUIFARRO,51
DIP,HN.5.1.1.111.3874_DIP,Mesa,3874_DIP,2925,4,58.9041,100.0,2929,2021-11-29 14:15:01,Candidato,12.1941,FATIMA PATRICIA MENA BAIDE,52
DIP,HN.5.1.1.111.3874_DIP,Mesa,3874_DIP,2925,4,58.9041,100.0,2929,2021-11-29 14:15:01,Candidato,12.1942,ERNESTO ALFONSO PUMPO AGUILAR,0
DIP,HN.5.1.1.111.3874_DIP,Mesa,3874_DIP,2925,4,58.9041,100.0,2929,2021-11-29 14:15:01,Candidato,12.1943,LEIBY MELISSA TORRES ZALAVARRIA,50
DIP,HN.5.1.1.111.3874_DIP,Mesa,3874_DIP,2925,4,58.9041,100.0,2929,2021-11-29 14:15:01,Candidato,12.1944,CARLOS ALBERTO UMAÑA DAVID,53
DIP,HN.5.1.1.111.3874_DIP,Mesa,3874_DIP,2925,4,58.9041,100.0,2929,2021-11-29 14:15:01,Candidato,12.1945,SUYEN EMPERATRIZ MUÑOZ RIVERA,43
DIP,HN.5.1.1.111.3874_DIP,Mesa,3874_DIP,2925,4,58.9041,100.0,2929,2021-11-29 14:15:01,Candidato,12.1946,OSMAN DANILO CHAVEZ GUITY,51
DIP,HN.5.1.1.111.3874_DIP,Mesa,3874_DIP,2925,4,58.9041,100.0,2929,2021-11-29 14:15:01,Candidato,12.1947,MARIA SUYAPA GONZALEZ ROMERO,47
DIP,HN.5.1.1.111.3874_DIP,Mesa,3874_DIP,2925,4,58.9041,100.0,2929,2021-11-29 14:15:01,Candidato,12.1948,JOSE DANIEL NAVARRO AMAYA,48
DIP,HN.5.1.1.111.3874_DIP,Mesa,3874_DIP,2925,4,58.9041,100.0,2929,2021-11-29 14:15:01,Candidato,12.1949,SANDRA LETICIA VASQUEZ VENTURA,49
DIP,HN.5.1.1.111.3874_DIP,Mesa,3874_DIP,2925,4,58.9041,100.0,2929,2021-11-29 14:15:01,Candidato,12.1950,FUAD YAMAL ENNABE WILLIAMS,47
DIP,HN.5.1.1.111.3874_DIP,Mesa,3874_DIP,2925,4,58.9041,100.0,2929,2021-11-29 14:15:01,Candidato,12.1951,GABRIELA MARIA GUZMAN FAJARDO,48
DIP,HN.5.1.1.111.3874_DIP,Mesa,3874_DIP,2925,4,58.9041,100.0,2929,2021-11-29 14:15:01,Candidato,12.1952,JAVIER ANTONIO DIAZ MENDOZA,48
DIP,HN.5.1.1.111.3874_DIP,Mesa,3874_DIP,2925,4,58.9041,100.0,2929,2021-11-29 14:15:01,Candidato,12.1953,SILVIA MARIA LOPEZ SERRANO,48
DIP,HN.5.1.1.111.3874_DIP,Mesa,3874_DIP,2925,4,58.9041,100.0,2929,2021-11-29 14:15:01,Candidato,12.1954,ERICK LEONEL CABALLERO MAJANO,48
DIP,HN.5.1.1.111.3874_DIP,Mesa,3874_DIP,2925,4,58.9041,100.0,2929,2021-11-29 14:15:01,Candidato,12.1955,SANDRA MERCEDES PINEDA ACOSTA,47
DIP,HN.5.1.1.111.3874_DIP,Mesa,3874_DIP,2925,4,58.9041,100.0,2929,2021-11-29 14:15:01,Candidato,12.1956,ROLANDO ENRIQUE LOPEZ,46
DIP,HN.5.1.1.111.3874_DIP,Mesa,3874_DIP,2925,4,58.9041,100.0,2929,2021-11-29 14:15:01,Candidato,12.1957,GREICY LORENA MARTINEZ ORELLANA,47
DIP,HN.5.1.1.111.3874_DIP,Mesa,3874_DIP,2925,4,58.9041,100.0,2929,2021-11-29 14:15:01,Candidato,12.1958,JOSE ALFREDO ALVARADO ARDON,46
DIP,HN.5.1.1.111.3874_DIP,Mesa,3874_DIP,2925,4,58.9041,100.0,2929,2021-11-29 14:15:01,Candidato,12.1959,LETICIA EUGENIA BASCHA HERNANDEZ,44
DIP,HN.5.1.1.111.3874_DIP,Mesa,3874_DIP,2925,4,58.9041,100.0,2929,2021-11-29 14:15:01,Candidato,13.1960,JUAN CARLOS LEIVA MENDOZA,0
DIP,HN.5.1.1.111.3874_DIP,Mesa,3874_DIP,2925,4,58.9041,100.0,2929,2021-11-29 14:15:01,Candidato,13.1961,MAYRA YESENIA DOMINGUEZ DIAZ,0
DIP,HN.5.1.1.111.3874_DIP,Mesa,3874_DIP,2925,4,58.9041,100.0,2929,2021-11-29 14:15:01,Candidato,13.1962,RANDOLFO MANRIQUE VIANA SEVILLA,0
DIP,HN.5.1.1.111.3874_DIP,Mesa,3874_DIP,2925,4,58.9041,100.0,2929,2021-11-29 14:15:01,Candidato,13.1963,DIGNA DOMINGUEZ,0
DIP,HN.5.1.1.111.3874_DIP,Mesa,3874_DIP,2925,4,58.9041,100.0,2929,2021-11-29 14:15:01,Candidato,13.1964,PATRICK JOEL DONAIRE SABILLON,0
DIP,HN.5.1.1.111.3874_DIP,Mesa,3874_DIP,2925,4,58.9041,100.0,2929,2021-11-29 14:15:01,Candidato,13.1965,ERIKA GISSELA CALIX LOPEZ,0
DIP,HN.5.1.1.111.3874_DIP,Mesa,3874_DIP,2925,4,58.9041,100.0,2929,2021-11-29 14:15:01,Candidato,13.1966,JENNINGS ITZCOATL VIANA PERDOMO,0
DIP,HN.5.1.1.111.3874_DIP,Mesa,3874_DIP,2925,4,58.9041,100.0,2929,2021-11-29 14:15:01,Candidato,13.1967,DIGNA ISABEL AYALA ZALDIVAR,0
DIP,HN.5.1.1.111.3874_DIP,Mesa,3874_DIP,2925,4,58.9041,100.0,2929,2021-11-29 14:15:01,Candidato,13.1968,EMIN ALBERTO PAIZ CAMPOS,0
DIP,HN.5.1.1.111.3874_DIP,Mesa,3874_DIP,2925,4,58.9041,100.0,2929,2021-11-29 14:15:01,Candidato,13.1969,JESSY MARISOL MENDEZ CARAVANTES,0
DIP,HN.5.1.1.111.3874_DIP,Mesa,3874_DIP,2925,4,58.9041,100.0,2929,2021-11-29 14:15:01,Candidato,13.1970,DAVID HELIODORO GARCIA CANALES,0
DIP,HN.5.1.1.111.3874_DIP,Mesa,3874_DIP,2925,4,58.9041,100.0,2929,2021-11-29 14:15:01,Candidato,13.1971,SANDRA MARITZA ESTRADA ZELAYA,0
DIP,HN.5.1.1.111.3874_DIP,Mesa,3874_DIP,2925,4,58.9041,100.0,2929,2021-11-29 14:15:01,Candidato,13.1972,JUAN AGUSTIN CASTILLO GONZALEZ,0
DIP,HN.5.1.1.111.3874_DIP,Mesa,3874_DIP,2925,4,58.9041,100.0,2929,2021-11-29 14:15:01,Candidato,13.1973,GEMIMA MARGARITA ALVARADO AGUILAR,0
DIP,HN.5.1.1.111.3874_DIP,Mesa,3874_DIP,2925,4,58.9041,100.0,2929,2021-11-29 14:15:01,Candidato,13.1974,HARIEL SALAZAR WILSON,0
DIP,HN.5.1.1.111.3874_DIP,Mesa,3874_DIP,2925,4,58.9041,100.0,2929,2021-11-29 14:15:01,Candidato,13.1975,ROBERTA STEFANNY MIDENCE DERAS,0
DIP,HN.5.1.1.111.3874_DIP,Mesa,3874_DIP,2925,4,58.9041,100.0,2929,2021-11-29 14:15:01,Candidato,13.1976,ROLANDO ARGUETA CONTRERAS,0
DIP,HN.5.1.1.111.3874_DIP,Mesa,3874_DIP,2925,4,58.9041,100.0,2929,2021-11-29 14:15:01,Candidato,13.1977,KATHERINE ALONDRA LANDABLANCO CALIX,0
DIP,HN.5.1.1.111.3874_DIP,Mesa,3874_DIP,2925,4,58.9041,100.0,2929,2021-11-29 14:15:01,Candidato,13.1978,ALLAN JAVIER LOPEZ PEREZ,0
DIP,HN.5.1.1.111.3874_DIP,Mesa,3874_DIP,2925,4,58.9041,100.0,2929,2021-11-29 14:15:01,Candidato,13.1979,DIANA ELIZABETH MANCIA MARQUEZ,0
DIP,HN.5.1.1.111.3874_DIP,Mesa,3874_DIP,2925,4,58.9041,100.0,2929,2021-11-29 14:15:01,Candidato,14.2020,BERNARDO ENRIQUE MEDINA YLLESCAS,1
DIP,HN.5.1.1.111.3874_DIP,Mesa,3874_DIP,2925,4,58.9041,100.0,2929,2021-11-29 14:15:01,Candidato,14.2021,REINA MARITZA MORENO VALERIANO,1
DIP,HN.5.1.1.111.3874_DIP,Mesa,3874_DIP,2925,4,58.9041,100.0,2929,2021-11-29 14:15:01,Candidato,14.2022,FERNANDO MANUEL CAMPO CORNEJO,1
DIP,HN.5.1.1.111.3874_DIP,Mesa,3874_DIP,2925,4,58.9041,100.0,2929,2021-11-29 14:15:01,Candidato,14.2023,DORIS IDALIA TORRES CABALLERO,1
DIP,HN.5.1.1.111.3874_DIP,Mesa,3874_DIP,2925,4,58.9041,100.0,2929,2021-11-29 14:15:01,Candidato,14.2024,GABRIEL OSMAN CHIANG BOQUIN,2
DIP,HN.5.1.1.111.3874_DIP,Mesa,3874_DIP,2925,4,58.9041,100.0,2929,2021-11-29 14:15:01,Candidato,14.2025,BELDORA IVETE GARCIA AVILA,1
DIP,HN.5.1.1.111.3874_DIP,Mesa,3874_DIP,2925,4,58.9041,100.0,2929,2021-11-29 14:15:01,Candidato,14.2026,ANIBAL AUGUSTO MEJIA ARCE,1
DIP,HN.5.1.1.111.3874_DIP,Mesa,3874_DIP,2925,4,58.9041,100.0,2929,2021-11-29 14:15:01,Candidato,14.2027,NADIA SOFIA CORNEJO VELASQUEZ,1
DIP,HN.5.1.1.111.3874_DIP,Mesa,3874_DIP,2925,4,58.9041,100.0,2929,2021-11-29 14:15:01,Candidato,14.2028,CARLOS ALBERTO TENORIO ENAMORADO,2
DIP,HN.5.1.1.111.3874_DIP,Mesa,3874_DIP,2925,4,58.9041,100.0,2929,2021-11-29 14:15:01,Candidato,14.2029,BRENDA PATRICIA ENAMORADO ALVARADO,1
DIP,HN.5.1.1.111.3874_DIP,Mesa,3874_DIP,2925,4,58.9041,100.0,2929,2021-11-29 14:15:01,Candidato,14.2030,NOEL ANTONIO COLINDRES CARMONA,1
DIP,HN.5.1.1.111.3874_DIP,Mesa,3874_DIP,2925,4,58.9041,100.0,2929,2021-11-29 14:15:01,Candidato,14.2031,LESLY CAROLINA MARTINEZ VALLE,1
DIP,HN.5.1.1.111.3874_DIP,Mesa,3874_DIP,2925,4,58.9041,100.0,2929,2021-11-29 14:15:01,Candidato,14.2032,RICARDO THOMAS AGUILERA ACOSTA,2
DIP,HN.5.1.1.111.3874_DIP,Mesa,3874_DIP,2925,4,58.9041,100.0,2929,2021-11-29 14:15:01,Candidato,14.2033,SANDRA PATRICIA LARA HERNANDEZ,1
DIP,HN.5.1.1.111.3874_DIP,Mesa,3874_DIP,2925,4,58.9041,100.0,2929,2021-11-29 14:15:01,Candidato,14.2034,WILFREDO RAMSES URRUTIA PERDOMO,2
DIP,HN.5.1.1.111.3874_DIP,Mesa,3874_DIP,2925,4,58.9041,100.0,2929,2021-11-29 14:15:01,Candidato,14.2035,ILIANA CARLOTA VALLEJO HERNANDEZ,1
DIP,HN.5.1.1.111.3874_DIP,Mesa,3874_DIP,2925,4,58.9041,100.0,2929,2021-11-29 14:15:01,Candidato,14.2036,JOSE ALEXY MOLINA TURCIOS,1
DIP,HN.5.1.1.111.3874_DIP,Mesa,3874_DIP,2925,4,58.9041,100.0,2929,2021-11-29 14:15:01,Candidato,14.2037,NADIA GWENDOLING RIVERA DIAZ,1
DIP,HN.5.1.1.111.3874_DIP,Mesa,3874_DIP,2925,4,58.9041,100.0,2929,2021-11-29 14:15:01,Candidato,14.2038,JUAN DIEGO CANAHUATI HASBUN,1
DIP,HN.5.1.1.111.3874_DIP,Mesa,3874_DIP,2925,4,58.9041,100.0,2929,2021-11-29 14:15:01,Candidato,14.2039,BLANCA ESTELA PEREZ AMAYA,1
DIP,HN.5.1.1.111.3874_DIP,Mesa,3874_DIP,2925,4,58.9041,100.0,2929,2021-11-29 14:15:01,Candidato,2.2060,YAUDET BURBARA CANAHUATI,35
DIP,HN.5.1.1.111.3874_DIP,Mesa,3874_DIP,2925,4,58.9041,100.0,2929,2021-11-29 14:15:01,Candidato,2.2061,LEDA LIZETHE GARCIA PAGAN,33
DIP,HN.5.1.1.111.3874_DIP,Mesa,3874_DIP,2925,4,58.9041,100.0,2929,2021-11-29 14:15:01,Candidato,2.2062,ALBERTO CHEDRANI CASTAÑEDA,30
DIP,HN.5.1.1.111.3874_DIP,Mesa,3874_DIP,2925,4,58.9041,100.0,2929,2021-11-29 14:15:01,Candidato,2.2063,MARNIE MENARDI MARCONI,33
DIP,HN.5.1.1.111.3874_DIP,Mesa,3874_DIP,2925,4,58.9041,100.0,2929,2021-11-29 14:15:01,Candidato,2.2064,REYNALDO GEOVANNY EKONOMO FUNES,34
DIP,HN.5.1.1.111.3874_DIP,Mesa,3874_DIP,2925,4,58.9041,100.0,2929,2021-11-29 14:15:01,Candidato,2.2065,JOSE JAAR MUDENAT,32
DIP,HN.5.1.1.111.3874_DIP,Mesa,3874_DIP,2925,4,58.9041,100.0,2929,2021-11-29 14:15:01,Candidato,2.2066,CINTHYA DAYANARA HAWIT FLORES,30
DIP,HN.5.1.1.111.3874_DIP,Mesa,3874_DIP,2925,4,58.9041,100.0,2929,2021-11-29 14:15:01,Candidato,2.2067,JAIME ENRIQUE VILLEGAS ROURA,33
DIP,HN.5.1.1.111.3874_DIP,Mesa,3874_DIP,2925,4,58.9041,100.0,2929,2021-11-29 14:15:01,Candidato,2.2068,JEANMY DANELIA MACHIGUA GUILLEN,30
DIP,HN.5.1.1.111.3874_DIP,Mesa,3874_DIP,2925,4,58.9041,100.0,2929,2021-11-29 14:15:01,Candidato,2.2069,EDWAR SAMIR MOLINA FUNEZ,26
DIP,HN.5.1.1.111.3874_DIP,Mesa,3874_DIP,2925,4,58.9041,100.0,2929,2021-11-29 14:15:01,Candidato,2.2070,MARLEN NOHEMI MATAMOROS FLORES,26
DIP,HN.5.1.1.111.3874_DIP,Mesa,3874_DIP,2925,4,58.9041,100.0,2929,2021-11-29 14:15:01,Candidato,2.2071,LAURA PATRICIA ERAZO PINEDA,30
DIP,HN.5.1.1.111.3874_DIP,Mesa,3874_DIP,2925,4,58.9041,100.0,2929,2021-11-29 14:15:01,Candidato,2.2072,LAURA PATRICIA ENAMORADO SOLIS,26
DIP,HN.5.1.1.111.3874_DIP,Mesa,3874_DIP,2925,4,58.9041,100.0,2929,2021-11-29 14:15:01,Candidato,2.2073,DAISY MARIA ANDONIE LOPEZ,31
DIP,HN.5.1.1.111.3874_DIP,Mesa,3874_DIP,2925,4,58.9041,100.0,2929,2021-11-29 14:15:01,Candidato,2.2074,WALTON EBANKS STANLEY CENTINE,30
DIP,HN.5.1.1.111.3874_DIP,Mesa,3874_DIP,2925,4,58.9041,100.0,2929,2021-11-29 14:15:01,Candidato,2.2075,GUILLERMO ALBERTO BOGRAN CASTRO,34
DIP,HN.5.1.1.111.3874_DIP,Mesa,3874_DIP,2925,4,58.9041,100.0,2929,2021-11-29 14:15:01,Candidato,2.2076,NORMA AMPARO CARDONA OVIEDO,30
DIP,HN.5.1.1.111.3874_DIP,Mesa,3874_DIP,2925,4,58.9041,100.0,2929,2021-11-29 14:15:01,Candidato,2.2077,INGVAR ONASSIS LOPEZ HERNANDEZ,29
DIP,HN.5.1.1.111.3874_DIP,Mesa,3874_DIP,2925,4,58.9041,100.0,2929,2021-11-29 14:15:01,Candidato,2.2078,JOHANNA GORETTY COSTA ARITA,31
DIP,HN.5.1.1.111.3874_DIP,Mesa,3874_DIP,2925,4,58.9041,100.0,2929,2021-11-29 14:15:01,Candidato,2.2079,GILBERTO JERONIMO YEARWOOD,30
DIP,HN.5.1.1.111.3874_DIP,Mesa,3874_DIP,2925,4,58.9041,100.0,2929,2021-11-29 14:15:01,Candidato,3.2080,JOSE DAVID HERRERA CHAVEZ,4
DIP,HN.5.1.1.111.3874_DIP,Mesa,3874_DIP,2925,4,58.9041,100.0,2929,2021-11-29 14:15:01,Candidato,3.2081,LOURDES AIDA MEJIA HAWARD,3
DIP,HN.5.1.1.111.3874_DIP,Mesa,3874_DIP,2925,4,58.9041,100.0,2929,2021-11-29 14:15:01,Candidato,3.2082,JOAQUIN ENRIQUE NUÑEZ HERRERA,4
DIP,HN.5.1.1.111.3874_DIP,Mesa,3874_DIP,2925,4,58.9041,100.0,2929,2021-11-29 14:15:01,Candidato,3.2083,ELIZABETH CONTRERAS,4
DIP,HN.5.1.1.111.3874_DIP,Mesa,3874_DIP,2925,4,58.9041,100.0,2929,2021-11-29 14:15:01,Candidato,3.2084,CARLOS ALFONSO CARIAS CASTILLO,4
DIP,HN.5.1.1.111.3874_DIP,Mesa,3874_DIP,2925,4,58.9041,100.0,2929,2021-11-29 14:15:01,Candidato,3.2085,DUNIA LLAMILET MUÑOZ RIVERA,4
DIP,HN.5.1.1.111.3874_DIP,Mesa,3874_DIP,2925,4,58.9041,100.0,2929,2021-11-29 14:15:01,Candidato,3.2086,FREDY ALCIDES FUNEZ MARTINEZ,5
DIP,HN.5.1.1.111.3874_DIP,Mesa,3874_DIP,2925,4,58.9041,100.0,2929,2021-11-29 14:15:01,Candidato,3.2087,JOSEFA EMELINDA ORTIZ PACHECO,4
DIP,HN.5.1.1.111.3874_DIP,Mesa,3874_DIP,2925,4,58.9041,100.0,2929,2021-11-29 14:15:01,Candidato,3.2088,ANGEL JERONIMO SANABRIA FERRARO,4
DIP,HN.5.1.1.111.3874_DIP,Mesa,3874_DIP,2925,4,58.9041,100.0,2929,2021-11-29 14:15:01,Candidato,3.2089,TELMA ONDINA BENAVIDES ARAUZ,4
DIP,HN.5.1.1.111.3874_DIP,Mesa,3874_DIP,2925,4,58.9041,100.0,2929,2021-11-29 14:15:01,Candidato,3.2090,MARIO RICARDO HERNANDEZ MENCIA,4
DIP,HN.5.1.1.111.3874_DIP,Mesa,3874_DIP,2925,4,58.9041,100.0,2929,2021-11-29 14:15:01,Candidato,3.2091,YASMINA BANESSA PEREZ LOPEZ,4
DIP,HN.5.1.1.111.3874_DIP,Mesa,3874_DIP,2925,4,58.9041,100.0,2929,2021-11-29 14:15:01,Candidato,3.2092,ROLANDO ANTONIO MILLA LOPEZ,4
DIP,HN.5.1.1.111.3874_DIP,Mesa,3874_DIP,2925,4,58.9041,100.0,2929,2021-11-29 14:15:01,Candidato,3.2093,LESLI ARACELY RIVERA CASAÑA,5
DIP,HN.5.1.1.111.3874_DIP,Mesa,3874_DIP,2925,4,58.9041,100.0,2929,2021-11-29 14:15:01,Candidato,3.2094,FILIBERTO GUEVARA JUAREZ,6
DIP,HN.5.1.1.111.3874_DIP,Mesa,3874_DIP,2925,4,58.9041,100.0,2929,2021-11-29 14:15:01,Candidato,3.2095,ODALIS SARAI SARMIENTO MEJIA,4
DIP,HN.5.1.1.111.3874_DIP,Mesa,3874_DIP,2925,4,58.9041,100.0,2929,2021-11-29 14:15:01,Candidato,3.2096,LUIS FERNANDO RAMIREZ,5
DIP,HN.5.1.1.111.3874_DIP,Mesa,3874_DIP,2925,4,58.9041,100.0,2929,2021-11-29 14:15:01,Candidato,3.2097,GLADYS DESYRE PAZ LARA,3
DIP,HN.5.1.1.111.3874_DIP,Mesa,3874_DIP,2925,4,58.9041,100.0,2929,2021-11-29 14:15:01,Candidato,3.2098,LENIN MAURICIO TURCIOS PINEDA,5
DIP,HN.5.1.1.111.3874_DIP,Mesa,3874_DIP,2925,4,58.9041,100.0,2929,2021-11-29 14:15:01,Candidato,3.2099,ERIKA YESENIA POSADA HERNANDEZ,4
DIP,HN.5.1.1.111.3874_DIP,Mesa,3874_DIP,2925,4,58.9041,100.0,2929,2021-11-29 14:15:01,Candidato,4.2000,BESSY YARETH DIAZ DIAZ,0
DIP,HN.5.1.1.111.3874_DIP,Mesa,3874_DIP,2925,4,58.9041,100.0,2929,2021-11-29 14:15:01,Candidato,4.2001,GUSTAVO ADOLFO ROMERO ROMERO,0
DIP,HN.5.1.1.111.3874_DIP,Mesa,3874_DIP,2925,4,58.9041,100.0,2929,2021-11-29 14:15:01,Candidato,4.2002,NANCY DARIELA BARRIENTOS,0
DIP,HN.5.1.1.111.3874_DIP,Mesa,3874_DIP,2925,4,58.9041,100.0,2929,2021-11-29 14:15:01,Candidato,4.2003,MANUEL ALBERTO CASTELLANOS RODRIGUEZ,2
DIP,HN.5.1.1.111.3874_DIP,Mesa,3874_DIP,2925,4,58.9041,100.0,2929,2021-11-29 14:15:01,Candidato,4.2004,MARIA LETICIA FIGUEROA VASQUEZ,2
DIP,HN.5.1.1.111.3874_DIP,Mesa,3874_DIP,2925,4,58.9041,100.0,2929,2021-11-29 14:15:01,Candidato,4.2005,ALLAN LEONEL REYES PORTILLO,4
DIP,HN.5.1.1.111.3874_DIP,Mesa,3874_DIP,2925,4,58.9041,100.0,2929,2021-11-29 14:15:01,Candidato,4.2006,GLENIS ANTONIA ESTRADA MAYORQUIN,0
DIP,HN.5.1.1.111.3874_DIP,Mesa,3874_DIP,2925,4,58.9041,100.0,2929,2021-11-29 14:15:01,Candidato,4.2007,CARLOS JOSE SANTOS BONILLA,0
DIP,HN.5.1.1.111.3874_DIP,Mesa,3874_DIP,2925,4,58.9041,100.0,2929,2021-11-29 14:15:01,Candidato,4.2008,MIRNA ELIZETTE ACOSTA FLORES,0
DIP,HN.5.1.1.111.3874_DIP,Mesa,3874_DIP,2925,4,58.9041,100.0,2929,2021-11-29 14:15:01,Candidato,4.2009,VICTOR MANUEL ORELLANA ALVAREZ,0
DIP,HN.5.1.1.111.3874_DIP,Mesa,3874_DIP,2925,4,58.9041,100.0,2929,2021-11-29 14:15:01,Candidato,4.2010,CARMEN MARIEL GUEVARA CARDONA,0
DIP,HN.5.1.1.111.3874_DIP,Mesa,3874_DIP,2925,4,58.9041,100.0,2929,2021-11-29 14:15:01,Candidato,4.2011,ELMER ISAI ALVAREZ DUARTE,1
DIP,HN.5.1.1.111.3874_DIP,Mesa,3874_DIP,2925,4,58.9041,100.0,2929,2021-11-29 14:15:01,Candidato,4.2012,SHARON KRISSEL MARTINEZ REYES,0
DIP,HN.5.1.1.111.3874_DIP,Mesa,3874_DIP,2925,4,58.9041,100.0,2929,2021-11-29 14:15:01,Candidato,4.2013,ARLES OMAR LOPEZ FAJARDO,0
DIP,HN.5.1.1.111.3874_DIP,Mesa,3874_DIP,2925,4,58.9041,100.0,2929,2021-11-29 14:15:01,Candidato,4.2014,DANIA ELISA ARGUETA ORELLANA,0
DIP,HN.5.1.1.111.3874_DIP,Mesa,3874_DIP,2925,4,58.9041,100.0,2929,2021-11-29 14:15:01,Candidato,4.2015,LEONEL MARTIN VELASQUEZ HERRERA,2
DIP,HN.5.1.1.111.3874_DIP,Mesa,3874_DIP,2925,4,58.9041,100.0,2929,2021-11-29 14:15:01,Candidato,4.2016,GENNIE LIZETH BONILLA RAMIREZ,0
DIP,HN.5.1.1.111.3874_DIP,Mesa,3874_DIP,2925,4,58.9041,100.0,2929,2021-11-29 14:15:01,Candidato,4.2017,FERMIN TERUEL PAZ,0
DIP,HN.5.1.1.111.3874_DIP,Mesa,3874_DIP,2925,4,58.9041,100.0,2929,2021-11-29 14:15:01,Candidato,4.2018,MARIA JUANA DIAZ MARTINEZ,1
DIP,HN.5.1.1.111.3874_DIP,Mesa,3874_DIP,2925,4,58.9041,100.0,2929,2021-11-29 14:15:01,Candidato,4.2019,JOSE ORLANDO REYES REYES,0
DIP,HN.5.1.1.111.3874_DIP,Mesa,3874_DIP,2925,4,58.9041,100.0,2929,2021-11-29 14:15:01,Candidato,5.1980,RAMON ANDRES GONZALES VALLECILLO,4
DIP,HN.5.1.1.111.3874_DIP,Mesa,3874_DIP,2925,4,58.9041,100.0,2929,2021-11-29 14:15:01,Candidato,5.1981,MEIDY CAROLINA ORELLANA VALLECILLO,1
DIP,HN.5.1.1.111.3874_DIP,Mesa,3874_DIP,2925,4,58.9041,100.0,2929,2021-11-29 14:15:01,Candidato,5.1982,SERGIO OTTONIEL VELEZ RODRIGUEZ,0
DIP,HN.5.1.1.111.3874_DIP,Mesa,3874_DIP,2925,4,58.9041,100.0,2929,2021-11-29 14:15:01,Candidato,5.1983,EDITH SUYAPA RIVERA ESPINOZA,0
DIP,HN.5.1.1.111.3874_DIP,Mesa,3874_DIP,2925,4,58.9041,100.0,2929,2021-11-29 14:15:01,Candidato,5.1984,GERLAN ALEXANDER VELASQUEZ PADILLA,0
DIP,HN.5.1.1.111.3874_DIP,Mesa,3874_DIP,2925,4,58.9041,100.0,2929,2021-11-29 14:15:01,Candidato,5.1985,PATRICIA JANETH VELASQUEZ MORALES,0
DIP,HN.5.1.1.111.3874_DIP,Mesa,3874_DIP,2925,4,58.9041,100.0,2929,2021-11-29 14:15:01,Candidato,5.1986,JIM RANDALL TALBOTT MUÑOZ,0
DIP,HN.5.1.1.111.3874_DIP,Mesa,3874_DIP,2925,4,58.9041,100.0,2929,2021-11-29 14:15:01,Candidato,5.1987,PAULA VANESSA BRIZUELA FERNANDEZ,0
DIP,HN.5.1.1.111.3874_DIP,Mesa,3874_DIP,2925,4,58.9041,100.0,2929,2021-11-29 14:15:01,Candidato,5.1988,MARCIO RAMON VELASQUEZ AMAYA,1
DIP,HN.5.1.1.111.3874_DIP,Mesa,3874_DIP,2925,4,58.9041,100.0,2929,2021-11-29 14:15:01,Candidato,5.1989,YESENIA WALESKA ANDINO LOPEZ,0
DIP,HN.5.1.1.111.3874_DIP,Mesa,3874_DIP,2925,4,58.9041,100.0,2929,2021-11-29 14:15:01,Candidato,5.1990,CALVIN ADALBERTO CACERES ROMERO,0
DIP,HN.5.1.1.111.3874_DIP,Mesa,3874_DIP,2925,4,58.9041,100.0,2929,2021-11-29 14:15:01,Candidato,5.1991,JENSSY KAROLINA ALEMAN LEIVA,1
DIP,HN.5.1.1.111.3874_DIP,Mesa,3874_DIP,2925,4,58.9041,100.0,2929,2021-11-29 14:15:01,Candidato,5.1992,EVER DONAY LOPEZ ORELLANA,0
DIP,HN.5.1.1.111.3874_DIP,Mesa,3874_DIP,2925,4,58.9041,100.0,2929,2021-11-29 14:15:01,Candidato,5.1993,RUDIS SULEMA FLORES MATUTE,0
DIP,HN.5.1.1.111.3874_DIP,Mesa,3874_DIP,2925,4,58.9041,100.0,2929,2021-11-29 14:15:01,Candidato,5.1994,CARLOS GUSTAVO MANCIA MIRANDA,0
DIP,HN.5.1.1.111.3874_DIP,Mesa,3874_DIP,2925,4,58.9041,100.0,2929,2021-11-29 14:15:01,Candidato,5.1995,ROSIBEL AMADOR RODRIGUEZ,1
DIP,HN.5.1.1.111.3874_DIP,Mesa,3874_DIP,2925,4,58.9041,100.0,2929,2021-11-29 14:15:01,Candidato,5.1996,JOSUE ANTONIO MANUELES LOPEZ,0
DIP,HN.5.1.1.111.3874_DIP,Mesa,3874_DIP,2925,4,58.9041,100.0,2929,2021-11-29 14:15:01,Candidato,5.1997,KENIA YAZMIN SANTOS TORRES,0
DIP,HN.5.1.1.111.3874_DIP,Mesa,3874_DIP,2925,4,58.9041,100.0,2929,2021-11-29 14:15:01,Candidato,5.1998,MELVIN JOSUE RIVAS ZUNIGA,0
DIP,HN.5.1.1.111.3874_DIP,Mesa,3874_DIP,2925,4,58.9041,100.0,2929,2021-11-29 14:15:01,Candidato,5.1999,HILDA ESPERANZA LEIVA AYALA,0
DIP,HN.5.1.1.111.3874_DIP,Mesa,3874_DIP,2925,4,58.9041,100.0,2929,2021-11-29 14:15:01,Candidato,6.1820,KAREN VANESSA MARTINEZ BARAHONA,0
DIP,HN.5.1.1.111.3874_DIP,Mesa,3874_DIP,2925,4,58.9041,100.0,2929,2021-11-29 14:15:01,Candidato,6.1821,EMILIO ZUNIGA SARMIENTO,0
DIP,HN.5.1.1.111.3874_DIP,Mesa,3874_DIP,2925,4,58.9041,100.0,2929,2021-11-29 14:15:01,Candidato,6.1822,MARIA CLARISSA DEL CID RIVERA,0
DIP,HN.5.1.1.111.3874_DIP,Mesa,3874_DIP,2925,4,58.9041,100.0,2929,2021-11-29 14:15:01,Candidato,6.1823,JOSE ALFREDO TABORA MEJIA,0
DIP,HN.5.1.1.111.3874_DIP,Mesa,3874_DIP,2925,4,58.9041,100.0,2929,2021-11-29 14:15:01,Candidato,6.1824,FAHNY GABRIELA DIAZ FUENTES,0
DIP,HN.5.1.1.111.3874_DIP,Mesa,3874_DIP,2925,4,58.9041,100.0,2929,2021-11-29 14:15:01,Candidato,6.1825,RONAL WILFREDO ALEMAN ENRIQUE,0
DIP,HN.5.1.1.111.3874_DIP,Mesa,3874_DIP,2925,4,58.9041,100.0,2929,2021-11-29 14:15:01,Candidato,6.1826,SCARLETH YACOPTZA AGUILAR DIAZ,0
DIP,HN.5.1.1.111.3874_DIP,Mesa,3874_DIP,2925,4,58.9041,100.0,2929,2021-11-29 14:15:01,Candidato,6.1827,FERNANDO NOE GUTIERREZ BAIDE,0
DIP,HN.5.1.1.111.3874_DIP,Mesa,3874_DIP,2925,4,58.9041,100.0,2929,2021-11-29 14:15:01,Candidato,6.1828,MAYRA PATRICIA RAMIREZ LOPEZ,0
DIP,HN.5.1.1.111.3874_DIP,Mesa,3874_DIP,2925,4,58.9041,100.0,2929,2021-11-29 14:15:01,Candidato,6.1829,RAMON ANTONIO VALLE VILLELA,0
DIP,HN.5.1.1.111.3874_DIP,Mesa,3874_DIP,2925,4,58.9041,100.0,2929,2021-11-29 14:15:01,Candidato,6.1830,CARMEN PATRICIA TORRES ORELLANA,0
DIP,HN.5.1.1.111.3874_DIP,Mesa,3874_DIP,2925,4,58.9041,100.0,2929,2021-11-29 14:15:01,Candidato,6.1831,ESTEBAN ARIEL CENTENO MARTINEZ,0
DIP,HN.5.1.1.111.3874_DIP,Mesa,3874_DIP,2925,4,58.9041,100.0,2929,2021-11-29 14:15:01,Candidato,6.1832,ANGELA MARIA ARITA INTERIANO,0
DIP,HN.5.1.1.111.3874_DIP,Mesa,3874_DIP,2925,4,58.9041,100.0,2929,2021-11-29 14:15:01,Candidato,6.1833,GERARDO NEFTALI ACOSTA RAMOS,0
DIP,HN.5.1.1.111.3874_DIP,Mesa,3874_DIP,2925,4,58.9041,100.0,2929,2021-11-29 14:15:01,Candidato,6.1834,JULISSA ANTONIA TREJO PARADA,0
DIP,HN.5.1.1.111.3874_DIP,Mesa,3874_DIP,2925,4,58.9041,100.0,2929,2021-11-29 14:15:01,Candidato,6.1835,ARMANDO JAVIER MELENDEZ RODRIGUEZ,0
DIP,HN.5.1.1.111.3874_DIP,Mesa,3874_DIP,2925,4,58.9041,100.0,2929,2021-11-29 14:15:01,Candidato,6.1836,GLORIA YANETH GUZMAN TROCHEZ,0
DIP,HN.5.1.1.111.3874_DIP,Mesa,3874_DIP,2925,4,58.9041,100.0,2929,2021-11-29 14:15:01,Candidato,6.1837,LIMBERG RODOLFO MATUTE ROMERO,0
DIP,HN.5.1.1.111.3874_DIP,Mesa,3874_DIP,2925,4,58.9041,100.0,2929,2021-11-29 14:15:01,Candidato,6.1838,ROXANA PATRICIA MARTINEZ ALVARENGA,0
DIP,HN.5.1.1.111.3874_DIP,Mesa,3874_DIP,2925,4,58.9041,100.0,2929,2021-11-29 14:15:01,Candidato,6.1839,RONAL GABRIEL CRUZ ENAMORADO,0
DIP,HN.5.1.1.111.3874_DIP,Mesa,3874_DIP,2925,4,58.9041,100.0,2929,2021-11-29 14:15:01,Candidato,7.1920,JOSE EDGARDO CASTRO RODRIGUEZ,48
DIP,HN.5.1.1.111.3874_DIP,Mesa,3874_DIP,2925,4,58.9041,100.0,2929,2021-11-29 14:15:01,Candidato,7.1921,JIMMY JONATHAN SORTO PAZ,52
DIP,HN.5.1.1.111.3874_DIP,Mesa,3874_DIP,2925,4,58.9041,100.0,2929,2021-11-29 14:15:01,Candidato,7.1922,HECTOR SAMUEL MADRID SABILLON,51
DIP,HN.5.1.1.111.3874_DIP,Mesa,3874_DIP,2925,4,58.9041,100.0,2929,2021-11-29 14:15:01,Candidato,7.1923,LINDA FRANCES DONAIRE PORTILLO,54
DIP,HN.5.1.1.111.3874_DIP,Mesa,3874_DIP,2925,4,58.9041,100.0,2929,2021-11-29 14:15:01,Candidato,7.1924,SCHERLY MELISSA ARRIAGA GOMEZ,53
DIP,HN.5.1.1.111.3874_DIP,Mesa,3874_DIP,2925,4,58.9041,100.0,2929,2021-11-29 14:15:01,Candidato,7.1925,NETZER EDU MEJIA HERNANDEZ,50
DIP,HN.5.1.1.111.3874_DIP,Mesa,3874_DIP,2925,4,58.9041,100.0,2929,2021-11-29 14:15:01,Candidato,7.1926,SILVIA BESSY AYALA FIGUEROA,51
DIP,HN.5.1.1.111.3874_DIP,Mesa,3874_DIP,2925,4,58.9041,100.0,2929,2021-11-29 14:15:01,Candidato,7.1927,ENA ROSA MORAN ORTIZ,51
DIP,HN.5.1.1.111.3874_DIP,Mesa,3874_DIP,2925,4,58.9041,100.0,2929,2021-11-29 14:15:01,Candidato,7.1928,RAMON ENRIQUE BARRIOS MALDONADO,56
DIP,HN.5.1.1.111.3874_DIP,Mesa,3874_DIP,2925,4,58.9041,100.0,2929,2021-11-29 14:15:01,Candidato,7.1929,WILMER ENRIQUE CRUZ PAREDES,51
DIP,HN.5.1.1.111.3874_DIP,Mesa,3874_DIP,2925,4,58.9041,100.0,2929,2021-11-29 14:15:01,Candidato,7.1930,IRIS YANETH PINEDA PAZ,51
DIP,HN.5.1.1.111.3874_DIP,Mesa,3874_DIP,2925,4,58.9041,100.0,2929,2021-11-29 14:15:01,Candidato,7.1931,ADELIANO AMAYA MENDOZA,50
DIP,HN.5.1.1.111.3874_DIP,Mesa,3874_DIP,2925,4,58.9041,100.0,2929,2021-11-29 14:15:01,Candidato,7.1932,MERCEDES GRACIELA MILLA SANCHEZ,50
DIP,HN.5.1.1.111.3874_DIP,Mesa,3874_DIP,2925,4,58.9041,100.0,2929,2021-11-29 14:15:01,Candidato,7.1933,HAYLIN RAQUEL SUAREZ LOPEZ,52
DIP,HN.5.1.1.111.3874_DIP,Mesa,3874_DIP,2925,4,58.9041,100.0,2929,2021-11-29 14:15:01,Candidato,7.1934,ZOILA AMERICA COLINDRES LOPEZ,49
DIP,HN.5.1.1.111.3874_DIP,Mesa,3874_DIP,2925,4,58.9041,100.0,2929,2021-11-29 14:15:01,Candidato,7.1935,JACOBO RIVERA DIAZ,52
DIP,HN.5.1.1.111.3874_DIP,Mesa,3874_DIP,2925,4,58.9041,100.0,2929,2021-11-29 14:15:01,Candidato,7.1936,JORGE ALBERTO BARAHONA OVIEDO,49
DIP,HN.5.1.1.111.3874_DIP,Mesa,3874_DIP,2925,4,58.9041,100.0,2929,2021-11-29 14:15:01,Candidato,7.1937,HELIN MERARY AVILA MENDOZA,51
DIP,HN.5.1.1.111.3874_DIP,Mesa,3874_DIP,2925,4,58.9041,100.0,2929,2021-11-29 14:15:01,Candidato,7.1938,LESBIA BETINA CRUZ MARTINEZ,51
DIP,HN.5.1.1.111.3874_DIP,Mesa,3874_DIP,2925,4,58.9041,100.0,2929,2021-11-29 14:15:01,Candidato,7.1939,DENIS EDGARDO RIVERA ALVARADO,50
DIP,HN.5.1.1.111.3874_DIP,Mesa,3874_DIP,2925,4,58.9041,100.0,2929,2021-11-29 14:15:01,Candidato,8.1880,HILMER ENRIQUE HERMIDA ALVEZ,0
DIP,HN.5.1.1.111.3874_DIP,Mesa,3874_DIP,2925,4,58.9041,100.0,2929,2021-11-29 14:15:01,Candidato,8.1881,KAREN DINORA ORTEGA OSORTO,0
DIP,HN.5.1.1.111.3874_DIP,Mesa,3874_DIP,2925,4,58.9041,100.0,2929,2021-11-29 14:15:01,Candidato,8.1882,RAFAEL ALEJANDRO MEJIA MENENDEZ,2
DIP,HN.5.1.1.111.3874_DIP,Mesa,3874_DIP,2925,4,58.9041,100.0,2929,2021-11-29 14:15:01,Candidato,8.1883,ALEJANDRA MARIEL VASQUEZ AGUILAR,2
DIP,HN.5.1.1.111.3874_DIP,Mesa,3874_DIP,2925,4,58.9041,100.0,2929,2021-11-29 14:15:01,Candidato,8.1884,SHELMI IDRISS VIANA SORTO,0
DIP,HN.5.1.1.111.3874_DIP,Mesa,3874_DIP,2925,4,58.9041,100.0,2929,2021-11-29 14:15:01,Candidato,8.1885,DOLORES JUDITH CARIAS OCAMPO,0
DIP,HN.5.1.1.111.3874_DIP,Mesa,3874_DIP,2925,4,58.9041,100.0,2929,2021-11-29 14:15:01,Candidato,8.1886,WILL ALBERTO PERDOMO VALLE,0
DIP,HN.5.1.1.111.3874_DIP,Mesa,3874_DIP,2925,4,58.9041,100.0,2929,2021-11-29 14:15:01,Candidato,8.1887,ALISSON GISSELLE HERNANDEZ BARDALES,1
DIP,HN.5.1.1.111.3874_DIP,Mesa,3874_DIP,2925,4,58.9041,100.0,2929,2021-11-29 14:15:01,Candidato,8.1888,MARTIN SANCHEZ GONZALEZ,2
DIP,HN.5.1.1.111.3874_DIP,Mesa,3874_DIP,2925,4,58.9041,100.0,2929,2021-11-29 14:15:01,Candidato,8.1889,MARIELA ISABEL RAMOS HERNANDEZ,2
DIP,HN.5.1.1.111.3874_DIP,Mesa,3874_DIP,2925,4,58.9041,100.0,2929,2021-11-29 14:15:01,Candidato,8.1890,CARLOS NOE ANDINO GONZALES,1
DIP,HN.5.1.1.111.3874_DIP,Mesa,3874_DIP,2925,4,58.9041,100.0,2929,2021-11-29 14:15:01,Candidato,8.1891,BELKIS ALEJANDRA ZAVALA ROSALES,0
DIP,HN.5.1.1.111.3874_DIP,Mesa,3874_DIP,2925,4,58.9041,100.0,2929,2021-11-29 14:15:01,Candidato,8.1892,HOLMAN ERNESTO SERRANO LAGOS,4
DIP,HN.5.1.1.111.3874_DIP,Mesa,3874_DIP,2925,4,58.9041,100.0,2929,2021-11-29 14:15:01,Candidato,8.1893,MARLENE PEREZ HERNANDEZ,0
DIP,HN.5.1.1.111.3874_DIP,Mesa,3874_DIP,2925,4,58.9041,100.0,2929,2021-11-29 14:15:01,Candidato,8.1894,ALEJANDRO JOSUE PORTILLO ORTIZ,0
DIP,HN.5.1.1.111.3874_DIP,Mesa,3874_DIP,2925,4,58.9041,100.0,2929,2021-11-29 14:15:01,Candidato,8.1895,ANGELA MARIA PEJUAN RAUDALES,0
DIP,HN.5.1.1.111.3874_DIP,Mesa,3874_DIP,2925,4,58.9041,100.0,2929,2021-11-29 14:15:01,Candidato,8.1896,CARLOS ROBERTO HERNANDEZ PALACIOS,0
DIP,HN.5.1.1.111.3874_DIP,Mesa,3874_DIP,2925,4,58.9041,100.0,2929,2021-11-29 14:15:01,Candidato,8.1897,FANY ODILY BU RODRIGUEZ,1
DIP,HN.5.1.1.111.3874_DIP,Mesa,3874_DIP,2925,4,58.9041,100.0,2929,2021-11-29 14:15:01,Candidato,8.1898,JOSE EDUARDO MADRID MADRID,0
DIP,HN.5.1.1.111.3874_DIP,Mesa,3874_DIP,2925,4,58.9041,100.0,2929,2021-11-29 14:15:01,Candidato,8.1899,REINA MARGARITA CARACCIOLI MARTINEZ,0
DIP,HN.5.1.1.111.3874_DIP,Mesa,3874_DIP,2925,4,58.9041,100.0,2929,2021-11-29 14:15:01,Candidato,9.1840,JEIMY SCARLETH AMAYA CASTRO,0
DIP,HN.5.1.1.111.3874_DIP,Mesa,3874_DIP,2925,4,58.9041,100.0,2929,2021-11-29 14:15:01,Candidato,9.1841,JAIRO GEOVANNY MUNGUIA MEDINA,0
DIP,HN.5.1.1.111.3874_DIP,Mesa,3874_DIP,2925,4,58.9041,100.0,2929,2021-11-29 14:15:01,Candidato,9.1842,KELLY SABRINA REYES BONEL,0
DIP,HN.5.1.1.111.3874_DIP,Mesa,3874_DIP,2925,4,58.9041,100.0,2929,2021-11-29 14:15:01,Candidato,9.1843,JOSE LUIS ARGUELLO PAVON,0
DIP,HN.5.1.1.111.3874_DIP,Mesa,3874_DIP,2925,4,58.9041,100.0,2929,2021-11-29 14:15:01,Candidato,9.1844,YENI JAMILETH MARTINEZ COLON,0
DIP,HN.5.1.1.111.3874_DIP,Mesa,3874_DIP,2925,4,58.9041,100.0,2929,2021-11-29 14:15:01,Candidato,9.1845,JULIO CESAR RAMOS MONTOYA,0
DIP,HN.5.1.1.111.3874_DIP,Mesa,3874_DIP,2925,4,58.9041,100.0,2929,2021-11-29 14:15:01,Candidato,9.1846,SINDY LETICIA SIERRA ZUNIGA,0
DIP,HN.5.1.1.111.3874_DIP,Mesa,3874_DIP,2925,4,58.9041,100.0,2929,2021-11-29 14:15:01,Candidato,9.1847,JOSE DONALDO AYESTAS GARCIA,0
DIP,HN.5.1.1.111.3874_DIP,Mesa,3874_DIP,2925,4,58.9041,100.0,2929,2021-11-29 14:15:01,Candidato,9.1848,VILMA LORELY GARCIA VASQUEZ,0
DIP,HN.5.1.1.111.3874_DIP,Mesa,3874_DIP,2925,4,58.9041,100.0,2929,2021-11-29 14:15:01,Candidato,9.1849,MARIO GERARDO FLORENTINO RODRIGUEZ,0
DIP,HN.5.1.1.111.3874_DIP,Mesa,3874_DIP,2925,4,58.9041,100.0,2929,2021-11-29 14:15:01,Candidato,9.1850,KATIA YOLIBETH SUARES PAZ,1
DIP,HN.5.1.1.111.3874_DIP,Mesa,3874_DIP,2925,4,58.9041,100.0,2929,2021-11-29 14:15:01,Candidato,9.1851,GREGORIO HERNANDEZ,0
DIP,HN.5.1.1.111.3874_DIP,Mesa,3874_DIP,2925,4,58.9041,100.0,2929,2021-11-29 14:15:01,Candidato,9.1852,TANIA GYSEL MORALES COSE,1
DIP,HN.5.1.1.111.3874_DIP,Mesa,3874_DIP,2925,4,58.9041,100.0,2929,2021-11-29 14:15:01,Candidato,9.1853,FRANCISCO JAVIER CARPIO PAZ,0
DIP,HN.5.1.1.111.3874_DIP,Mesa,3874_DIP,2925,4,58.9041,100.0,2929,2021-11-29 14:15:01,Candidato,9.1854,MABEL SARAHI MARTINEZ MERINO,0
DIP,HN.5.1.1.111.3874_DIP,Mesa,3874_DIP,2925,4,58.9041,100.0,2929,2021-11-29 14:15:01,Candidato,9.1855,DANIEL HERNANDEZ CORADO,0
DIP,HN.5.1.1.111.3874_DIP,Mesa,3874_DIP,2925,4,58.9041,100.0,2929,2021-11-29 14:15:01,Candidato,9.1856,MARIA DE LOS ANGELES SERRANO HENDERSON,0
DIP,HN.5.1.1.111.3874_DIP,Mesa,3874_DIP,2925,4,58.9041,100.0,2929,2021-11-29 14:15:01,Candidato,9.1857,MARVIN EUGENIO ZELAYA ALVAREZ,0
DIP,HN.5.1.1.111.3874_DIP,Mesa,3874_DIP,2925,4,58.9041,100.0,2929,2021-11-29 14:15:01,Candidato,9.1858,LILIAN DECIRE CABRERA PINTO,0
DIP,HN.5.1.1.111.3874_DIP,Mesa,3874_DIP,2925,4,58.9041,100.0,2929,2021-11-29 14:15:01,Candidato,9.1859,EDUARDO ANTONIO OSEGUEDA ANDINO,0
DIP,HN.5.1.1.111.3874_DIP,Mesa,3874_DIP,2925,4,58.9041,100.0,2929,2021-11-29 14:15:01,Blanco,BLC,Voto en BLANCO,9
DIP,HN.5.1.1.111.3874_DIP,Mesa,3874_DIP,2925,4,58.9041,100.0,2929,2021-11-29 14:15:01,Especial,NUL,Votos NULOS,4
